1:ItNr	2:Metric	3a:Time	3b:StepSize	4:||Gradient||	Time[ms]
0	-0.660483	0.000000	21.002468	0.009339	73.6
1	-0.689236	0.000000	21.002468	0.006566	1.9
2	-0.708440	0.000000	21.002468	0.008880	1.9
3	-0.698180	0.000000	21.002468	0.009881	1.9
4	-0.708640	0.000000	21.002468	0.009948	1.9
5	-0.705476	0.000000	21.002468	0.011035	1.9
6	-0.707297	0.000000	21.002468	0.004176	2.0
7	-0.681304	0.000000	21.002468	0.013806	1.9
8	-0.704617	0.000000	21.002468	0.011612	1.9
9	-0.726732	0.000000	21.002468	0.011146	1.9
10	-0.690147	0.000000	21.002468	0.009066	1.9
11	-0.723119	0.000000	21.002468	0.004971	1.9
12	-0.729993	0.000000	21.002468	0.007076	2.0
13	-0.722443	0.000000	21.002468	0.010843	2.0
14	-0.723095	0.000000	21.002468	0.012391	2.0
15	-0.716589	0.000000	21.002468	0.010314	1.9
16	-0.710817	0.000000	21.002468	0.012331	1.9
17	-0.718590	0.000000	21.002468	0.005102	2.0
18	-0.727132	0.423999	20.586812	0.007022	2.1
19	-0.730615	0.000000	21.002468	0.011051	2.1
20	-0.756951	0.908352	20.131676	0.005989	2.2
21	-0.693506	0.344067	20.663908	0.006372	2.2
22	-0.702514	0.451966	20.559973	0.010413	2.2
23	-0.718854	0.000000	21.002468	0.005491	2.2
24	-0.753830	0.748057	20.280057	0.006647	2.3
25	-0.725111	1.438044	19.656429	0.003831	2.3
26	-0.704218	1.182105	19.883227	0.005192	2.3
27	-0.714523	1.172396	19.891934	0.004949	2.3
28	-0.729959	0.623700	20.396686	0.012259	2.3
29	-0.709480	1.140550	19.920546	0.010292	2.2
30	-0.676164	0.575596	20.442162	0.006014	2.3
31	-0.717583	0.010954	20.991519	0.008938	2.3
32	-0.716630	0.000000	21.002468	0.009787	2.2
33	-0.729129	0.000000	21.002468	0.008191	2.4
34	-0.702020	0.000000	21.002468	0.008103	2.1
35	-0.709749	0.983854	20.062535	0.002170	2.0
36	-0.746938	1.491460	19.609746	0.005145	2.1
37	-0.721189	1.594317	19.520477	0.008870	2.1
38	-0.702706	1.031808	20.018867	0.004497	2.0
39	-0.719481	0.681233	20.342562	0.009202	2.0
40	-0.715741	0.338123	20.669664	0.014068	2.0
41	-0.718700	0.000000	21.002468	0.012553	2.1
42	-0.717726	1.000000	20.047811	0.007624	2.2
43	-0.723716	0.435046	20.576202	0.005338	2.0
44	-0.722163	0.400573	20.609347	0.005124	2.1
45	-0.712737	0.000000	21.002468	0.008379	2.3
46	-0.726806	0.000000	21.002468	0.012174	2.1
47	-0.751951	0.995664	20.051763	0.008024	2.1
48	-0.717138	1.995664	19.179783	0.008038	2.0
49	-0.729933	2.004951	19.172040	0.005898	2.0
50	-0.709602	3.004894	18.373413	0.014616	2.0
51	-0.738260	4.002052	17.640626	0.003508	2.0
52	-0.727294	4.668550	17.182577	0.003926	2.0
53	-0.695907	5.412503	16.698600	0.006267	2.0
54	-0.743235	5.575831	16.595975	0.010278	2.0
55	-0.699251	6.575828	15.994147	0.011424	2.0
56	-0.706281	6.050592	16.304702	0.010702	2.0
57	-0.730482	5.495054	16.646573	0.012498	2.1
58	-0.721177	6.494929	16.041206	0.004597	2.0
59	-0.727450	7.493147	15.479225	0.005124	2.0
60	-0.700120	6.961247	15.773683	0.010798	2.0
61	-0.733277	7.961080	15.229122	0.007561	2.0
62	-0.736859	8.921879	14.740111	0.009518	2.1
63	-0.716879	9.921760	14.263478	0.004740	2.0
64	-0.725790	10.386588	14.052239	0.011167	2.2
65	-0.717836	11.369299	13.625622	0.007792	2.2
66	-0.733525	12.357982	13.221778	0.003025	2.1
67	-0.746938	11.845134	13.428224	0.006757	2.2
68	-0.720208	11.920148	13.397626	0.007573	2.2
69	-0.718272	12.795122	13.050754	0.005782	2.1
70	-0.704557	13.142880	12.917828	0.005505	2.2
71	-0.757612	13.628055	12.736835	0.010347	2.2
72	-0.726038	13.066514	12.946785	0.011274	2.1
73	-0.704855	12.503222	13.164460	0.006270	2.1
74	-0.765724	12.703902	13.086076	0.010888	2.2
75	-0.712593	12.138952	13.309167	0.012865	2.1
76	-0.717413	12.976880	12.980940	0.004683	2.2
77	-0.719720	12.412037	13.200387	0.005064	2.1
78	-0.735766	11.944426	13.387753	0.008824	2.1
79	-0.708192	12.936780	12.996278	0.008160	2.0
80	-0.702678	12.944433	12.993348	0.004281	2.1
81	-0.710244	13.891976	12.640495	0.003935	2.0
82	-0.698945	14.302124	12.493635	0.007644	2.0
83	-0.744876	13.737877	12.696569	0.004349	2.0
84	-0.712972	14.292702	12.496970	0.009162	2.0
85	-0.705729	14.758816	12.334073	0.010268	2.1
86	-0.712919	14.860632	12.299054	0.007102	2.0
87	-0.713960	14.295706	12.495906	0.010184	2.0
88	-0.697043	13.730765	12.699168	0.005739	2.0
89	-0.720705	13.165923	12.909115	0.007453	2.0
90	-0.721146	12.766167	13.061946	0.007595	2.0
91	-0.716495	13.765996	12.686299	0.008847	2.0
92	-0.727196	13.201054	12.895855	0.006339	2.0
93	-0.735392	14.200352	12.529756	0.007051	2.1
94	-0.731966	14.844607	12.304552	0.008834	2.2
95	-0.742579	14.942072	12.271186	0.008663	2.2
96	-0.738331	14.377288	12.467090	0.012088	2.1
97	-0.744689	15.377288	12.124374	0.002597	2.2
98	-0.727523	14.835399	12.307714	0.015117	2.2
99	-0.705716	14.309889	12.490887	0.007470	2.2
100	-0.743084	13.744936	12.693989	0.009456	2.3
101	-0.709704	14.744915	12.338869	0.007414	2.3
102	-0.756930	15.744370	12.003249	0.008831	2.2
103	-0.781541	15.245972	12.168299	0.004081	2.2
104	-0.701902	14.786925	12.324385	0.010342	2.1
105	-0.719097	15.627767	12.041461	0.009653	2.0
106	-0.708770	16.260342	11.837031	0.004515	2.1
107	-0.696102	17.231510	11.536344	0.007660	2.1
108	-0.736364	16.669136	11.708573	0.003503	2.1
109	-0.720257	17.381385	11.491296	0.006681	1.9
110	-0.726693	18.159551	11.262944	0.006713	2.1
111	-0.702006	17.594643	11.427799	0.010226	2.0
112	-0.700053	18.594548	11.139206	0.009724	2.0
113	-0.704342	19.594539	10.864807	0.004951	2.0
114	-0.732560	20.594403	10.603634	0.008412	2.0
115	-0.715950	21.559644	10.363147	0.008965	2.1
116	-0.726866	22.559643	10.125240	0.007112	2.0
117	-0.731259	23.516803	9.907536	0.006836	2.0
118	-0.759967	22.962264	10.032510	0.003248	5.3
119	-0.708526	23.271315	9.962474	0.010419	3.0
120	-0.740907	22.808006	10.067836	0.004610	2.1
121	-0.717685	22.288973	10.188549	0.003933	2.1
122	-0.731414	22.798501	10.070021	0.011089	2.2
123	-0.729771	22.234026	10.201498	0.008952	2.2
124	-0.742927	23.233936	9.970893	0.006656	2.3
125	-0.720428	23.611869	9.886424	0.006145	2.3
126	-0.751270	23.077996	10.006168	0.006156	2.2
127	-0.717981	24.074156	9.785027	0.007669	2.2
128	-0.697353	25.054687	9.576698	0.009276	2.3
129	-0.711843	26.024839	9.379125	0.011674	3.5
130	-0.682508	25.459885	9.493175	0.003840	3.0
131	-0.710252	25.129752	9.561114	0.003717	2.3
132	-0.709922	24.595397	9.673166	0.004564	2.4
133	-0.710782	24.661390	9.659185	0.005755	2.8
134	-0.742015	25.412325	9.502903	0.007228	2.9
135	-0.742258	26.396668	9.305545	0.003130	1.8
136	-0.721046	25.938396	9.396398	0.007784	1.8
137	-0.728435	25.471648	9.490772	0.003939	1.8
138	-0.729875	25.326650	9.520478	0.003462	1.8
139	-0.697132	25.273372	9.531439	0.006173	1.7
140	-0.736267	24.728890	9.644928	0.006340	2.1
141	-0.741444	24.205543	9.756588	0.009336	2.0
142	-0.712180	23.908734	9.821070	0.006566	2.0
143	-0.702285	23.356665	9.943305	0.012781	2.1
144	-0.720744	24.189938	9.759957	0.005899	2.0
145	-0.706243	25.187275	9.549207	0.006822	2.1
146	-0.711950	26.058609	9.372394	0.005736	2.1
147	-0.705620	27.058139	9.177464	0.007353	2.1
148	-0.716189	26.794394	9.228108	0.010831	2.1
149	-0.735269	26.229465	9.338489	0.012874	2.0
150	-0.728373	27.229464	9.144863	0.006762	2.0
151	-0.710764	28.229171	8.959156	0.009152	2.0
152	-0.724936	27.664865	9.063045	0.004581	2.0
153	-0.722939	27.619091	9.071577	0.006836	2.0
154	-0.722679	27.776482	9.042305	0.011807	2.0
155	-0.721629	28.775978	8.860737	0.005154	2.0
156	-0.722962	29.763382	8.688386	0.006697	2.1
157	-0.735879	30.712968	8.528844	0.009068	2.0
158	-0.696235	31.580936	8.388056	0.006334	2.0
159	-0.683674	31.016594	8.479060	0.011719	2.0
160	-0.708081	32.016593	8.319128	0.008027	2.0
161	-0.731263	33.008823	8.166292	0.005397	1.9
162	-0.708809	33.931385	8.029141	0.003717	2.1
163	-0.730615	33.426784	8.103581	0.004019	2.1
164	-0.705716	33.883201	8.036190	0.007224	2.1
165	-0.720488	33.359879	8.113554	0.006835	2.0
166	-0.719799	32.831358	8.193214	0.010477	2.0
167	-0.749014	33.829711	8.044030	0.005072	1.9
168	-0.748782	33.762386	8.053919	0.004316	2.0
169	-0.772410	33.566685	8.082804	0.007602	1.9
170	-0.737382	34.295045	7.976336	0.007136	2.1
171	-0.719245	34.701882	7.918078	0.002813	2.0
172	-0.714166	34.838099	7.898762	0.009832	1.9
173	-0.715031	35.648933	7.785704	0.006151	2.3
174	-0.725869	35.091812	7.863034	0.004252	1.9
175	-0.704373	35.455414	7.812392	0.003331	1.9
176	-0.708016	34.978973	7.878884	0.006019	1.8
177	-0.728319	34.464825	7.951920	0.005511	1.9
178	-0.720356	33.902226	8.033405	0.008825	1.9
179	-0.693680	33.338724	8.116713	0.005796	2.0
180	-0.746413	34.338261	7.970107	0.014044	1.9
181	-0.715405	33.773308	8.052313	0.009177	1.9
182	-0.707998	34.773308	7.907938	0.005159	1.9
183	-0.731637	35.771619	7.768879	0.007871	1.9
184	-0.721153	35.207360	7.846870	0.006355	1.9
185	-0.709027	36.051020	7.730832	0.007239	1.9
186	-0.738552	37.047817	7.598078	0.004271	1.9
187	-0.737288	38.024314	7.472375	0.005504	1.9
188	-0.723381	38.791453	7.376503	0.007424	1.8
189	-0.713336	39.554676	7.283531	0.006103	1.8
190	-0.692049	38.989848	7.352108	0.005960	1.9
191	-0.725751	38.843466	7.370092	0.003904	1.9
192	-0.738986	38.765761	7.379674	0.003290	1.8
193	-0.728707	38.329799	7.433901	0.006776	1.9
194	-0.708523	39.288962	7.315632	0.007540	1.8
195	-0.728293	38.725030	7.384707	0.004407	1.8
196	-0.716787	38.295665	7.438180	0.006132	1.9
197	-0.720328	38.094601	7.463488	0.004852	1.9
198	-0.713711	37.567661	7.530638	0.003426	1.9
199	-0.724605	37.601262	7.526320	0.008351	1.8
200	-0.728703	38.191755	7.451238	0.002471	1.8
201	-0.715980	39.007106	7.349993	0.007677	1.8
202	-0.729793	38.794491	7.376128	0.009666	1.8
203	-0.752923	39.619043	7.275797	0.007048	1.8
204	-0.735343	40.619040	7.157720	0.004302	2.2
205	-0.694610	41.404221	7.067660	0.002750	1.8
206	-0.755199	41.064061	7.106397	0.004135	1.9
207	-0.688223	40.783899	7.138621	0.005095	1.9
208	-0.761085	41.268165	7.083103	0.006133	1.9
209	-0.726863	41.979496	7.003102	0.006384	2.1
210	-0.722229	41.458842	7.061480	0.011888	1.8
211	-0.725144	40.943470	7.120231	0.007703	1.8
212	-0.718756	40.382201	7.185338	0.004148	1.8
213	-0.731115	41.345022	7.074371	0.007054	1.7
214	-0.730535	40.819940	7.134459	0.004536	1.8
215	-0.728445	40.326607	7.191851	0.006439	1.8
216	-0.747849	41.158396	7.095612	0.009160	1.8
217	-0.725617	42.158388	6.983266	0.006256	1.7
218	-0.731255	41.895684	7.012434	0.010103	1.7
219	-0.706647	42.864665	6.906038	0.008774	1.7
220	-0.717099	43.864653	6.799571	0.007247	1.8
221	-0.709053	43.789473	6.807461	0.007983	1.9
222	-0.723242	43.226210	6.867163	0.004023	1.7
223	-0.729192	42.993521	6.892133	0.007354	1.7
224	-0.705920	42.457282	6.950374	0.008811	1.7
225	-0.732065	41.900642	7.011881	0.007590	1.7
226	-0.701384	41.403840	7.067703	0.004200	1.7
227	-0.721576	40.879465	7.127596	0.006784	2.3
228	-0.750868	41.871095	7.015177	0.007499	1.7
229	-0.751592	41.381743	7.070207	0.007776	1.7
230	-0.755438	41.258795	7.084169	0.008216	1.7
231	-0.752572	40.694075	7.149014	0.011794	1.6
232	-0.716207	40.129121	7.215085	0.008301	1.7
233	-0.710561	41.129121	7.098955	0.005952	1.6
234	-0.728684	40.564224	7.164093	0.008070	1.7
235	-0.695221	39.999292	7.230442	0.007862	1.6
236	-0.696354	39.469885	7.293744	0.002353	1.6
237	-0.727651	39.691487	7.267112	0.007980	1.6
238	-0.730870	39.830029	7.250561	0.006780	1.6
239	-0.756869	40.826820	7.133665	0.006488	1.7
240	-0.688856	40.262708	7.199353	0.013085	1.7
241	-0.741544	41.262075	7.083796	0.008055	1.7
242	-0.737334	42.262059	6.971822	0.006550	1.6
243	-0.709111	43.158772	6.874381	0.008716	1.6
244	-0.720528	43.963070	6.789270	0.008845	1.6
245	-0.723514	44.025618	6.782740	0.011784	1.6
246	-0.735113	43.460664	6.842186	0.007675	1.6
247	-0.735172	42.895945	6.902658	0.005534	1.6
248	-0.724062	42.335340	6.963756	0.004907	1.6
249	-0.742411	41.805880	7.022461	0.007519	1.7
