1:ItNr	2:Metric	3a:Time	3b:StepSize	4:||Gradient||	Time[ms]
0	-0.622588	0.000000	12.428605	0.006770	125.5
1	-0.599280	0.000000	12.428605	0.006733	2.1
2	-0.617506	0.000000	12.428605	0.018157	1.9
3	-0.633379	0.000000	12.428605	0.027429	1.9
4	-0.618725	1.000000	11.863669	0.015143	1.9
5	-0.604623	2.000000	11.347857	0.010388	1.9
6	-0.570160	1.266610	11.721619	0.018556	1.8
7	-0.567108	1.484832	11.607857	0.016218	2.2
8	-0.608959	2.484832	11.113586	0.013842	1.8
9	-0.604598	3.484832	10.659690	0.003609	1.9
10	-0.594312	2.806113	10.963600	0.014340	1.9
11	-0.590092	2.062455	11.317126	0.009829	2.0
12	-0.637921	3.054984	10.850172	0.016908	2.0
13	-0.624290	4.050650	10.418919	0.014200	2.0
14	-0.623425	3.649151	10.588629	0.011035	1.9
15	-0.620588	2.956516	10.894769	0.012179	2.0
16	-0.625216	3.956468	10.458239	0.011317	2.0
17	-0.612307	4.956464	10.055326	0.009125	2.0
18	-0.615228	4.193815	10.359714	0.008734	2.0
19	-0.592477	3.475048	10.663951	0.012909	2.1
20	-0.597399	2.712789	11.006749	0.012296	2.1
21	-0.612181	1.949673	11.372742	0.013236	2.1
22	-0.587351	2.939708	10.902418	0.008450	2.1
23	-0.613991	3.702108	10.565928	0.012352	2.1
24	-0.581836	2.938982	10.902749	0.016668	2.1
25	-0.590105	2.177509	11.260947	0.011150	2.1
26	-0.612604	3.177504	10.795188	0.013539	2.2
27	-0.614876	4.177391	10.366472	0.019617	2.0
28	-0.617953	5.177391	9.970463	0.012719	2.2
29	-0.608976	4.414249	10.269857	0.009263	2.1
30	-0.576373	3.658216	10.584736	0.008552	2.3
31	-0.604010	2.930607	10.906565	0.005457	2.2
32	-0.613525	3.582878	10.617175	0.012402	2.2
33	-0.600086	4.548212	10.216007	0.008712	2.2
34	-0.608797	4.353504	10.294463	0.009729	2.3
35	-0.594970	3.601413	10.609176	0.008421	2.3
36	-0.604242	2.991579	10.878847	0.008022	2.3
37	-0.615240	3.452528	10.673772	0.022206	2.3
38	-0.606910	2.694332	11.015322	0.006008	2.2
39	-0.634910	1.939351	11.377859	0.030393	2.3
40	-0.590935	2.702031	11.011744	0.010404	2.2
41	-0.616482	3.462599	10.669378	0.010266	2.3
42	-0.605420	4.462540	10.250380	0.009963	2.3
43	-0.606431	3.713250	10.561165	0.006675	2.3
44	-0.597985	3.117823	10.821902	0.007871	2.2
45	-0.606255	2.728862	10.999293	0.013997	2.4
46	-0.607689	1.965813	11.364749	0.022930	2.4
47	-0.620330	2.965813	10.890543	0.009374	2.3
48	-0.606659	2.202673	11.248735	0.011694	2.3
49	-0.613121	1.774912	11.460009	0.009043	2.2
50	-0.599903	2.699451	11.012943	0.009801	2.1
51	-0.613734	3.237029	10.768676	0.011634	2.1
52	-0.599955	3.957980	10.457605	0.011466	2.6
53	-0.634340	4.957978	10.054740	0.013008	2.8
54	-0.612231	4.195051	10.359205	0.013064	2.7
55	-0.620453	4.938024	10.062475	0.013525	2.6
56	-0.627288	5.938024	9.688933	0.003348	2.7
57	-0.568810	6.881234	9.361161	0.011785	2.6
58	-0.639480	6.294431	9.562416	0.009416	2.2
59	-0.615181	5.531351	9.837445	0.010655	2.2
60	-0.571529	6.531283	9.480151	0.012114	2.3
61	-0.617962	7.510037	9.154696	0.010371	2.3
62	-0.607199	6.746904	9.406480	0.018752	2.2
63	-0.592882	6.133329	9.619192	0.024070	2.3
64	-0.582481	7.133329	9.277278	0.010757	2.2
65	-0.596748	6.422688	9.517692	0.007318	2.3
66	-0.654034	6.784917	9.393611	0.005039	2.3
67	-0.600361	7.648553	9.110432	0.012352	2.2
68	-0.601691	7.308302	9.219935	0.014981	2.3
69	-0.628056	6.545160	9.475375	0.018983	2.2
70	-0.606855	5.784815	9.744354	0.010851	2.2
71	-0.624372	6.784815	9.393646	0.010667	2.2
72	-0.607923	7.784367	9.067447	0.014509	2.2
73	-0.605698	8.771662	8.766750	0.004886	2.2
74	-0.595266	9.557042	8.541426	0.018489	2.3
75	-0.617978	10.425553	8.305366	0.019867	2.2
76	-0.614246	11.425071	8.049349	0.010515	2.3
77	-0.580968	11.941088	7.923257	0.010165	2.3
78	-0.604893	11.178179	8.111109	0.009824	2.5
79	-0.635690	11.847265	7.945888	0.014979	2.3
80	-0.611544	11.084127	8.134886	0.014572	2.2
81	-0.603364	12.075686	7.891014	0.015810	2.2
82	-0.629578	13.075686	7.659441	0.010293	2.3
83	-0.604359	14.046286	7.447314	0.011045	2.3
84	-0.617548	13.411644	7.584662	0.013603	2.3
85	-0.641550	14.409637	7.370895	0.019214	2.3
86	-0.602729	15.409637	7.168451	0.014486	2.2
87	-0.597684	16.409637	6.976831	0.007113	2.3
88	-0.588172	15.659779	7.119538	0.011635	2.2
89	-0.607196	16.425322	6.973907	0.010956	2.2
90	-0.596403	15.662456	7.119019	0.007993	2.3
91	-0.640158	14.900317	7.270151	0.018232	2.3
92	-0.601756	15.900311	7.073130	0.016478	2.4
93	-0.598039	16.900131	6.886538	0.015619	2.3
94	-0.589494	17.896588	6.710118	0.009186	2.3
95	-0.592275	18.601475	6.590681	0.008515	2.3
96	-0.621077	19.565231	6.434099	0.009743	2.5
97	-0.599526	20.443350	6.297771	0.007075	2.4
98	-0.577299	20.498804	6.289355	0.014613	2.5
99	-0.603733	19.742069	6.406172	0.011769	2.4
100	-0.590325	18.978927	6.528457	0.009724	2.4
101	-0.606100	18.219689	6.654839	0.008825	2.2
102	-0.621178	19.039024	6.518658	0.018805	2.3
103	-0.582737	18.680565	6.577545	0.012468	2.3
104	-0.611490	19.674913	6.416749	0.007957	2.4
105	-0.585290	20.673254	6.263027	0.013254	2.2
106	-0.595232	20.196258	6.335544	0.020210	2.3
107	-0.596190	21.196258	6.185399	0.012895	2.3
108	-0.607218	20.433116	6.299326	0.010653	2.3
109	-0.615528	20.164600	6.340416	0.007142	2.2
110	-0.571277	20.990388	6.215725	0.011223	2.3
111	-0.622039	20.685934	6.261122	0.012199	2.2
112	-0.608282	21.685895	6.114449	0.007631	2.3
113	-0.641767	22.682094	5.975005	0.012037	2.2
114	-0.619017	23.392576	5.879377	0.011251	2.2
115	-0.601525	24.391657	5.749971	0.006759	2.2
116	-0.613491	25.389872	5.626243	0.016706	2.3
117	-0.610555	26.368268	5.510033	0.012438	2.3
118	-0.622635	27.368250	5.396116	0.009206	2.4
119	-0.612459	28.364122	5.287255	0.006070	2.3
120	-0.607967	28.986173	5.221458	0.012039	2.3
121	-0.602645	29.967249	5.120950	0.017481	2.4
122	-0.612205	29.204107	5.198792	0.006773	2.4
123	-0.609442	28.445057	5.278601	0.007855	2.4
124	-0.623057	27.826359	5.345488	0.014756	2.7
125	-0.620800	27.063308	5.430353	0.011923	3.1
126	-0.591295	28.063308	5.319672	0.012289	3.1
127	-0.593762	27.300166	5.403723	0.012670	8.8
128	-0.618276	28.292957	5.294888	0.008697	27.7
129	-0.609778	27.529818	5.378151	0.010061	3.8
130	-0.583465	26.772980	5.463354	0.013987	3.6
131	-0.590401	26.010064	5.552018	0.013671	3.5
132	-0.633370	25.246923	5.643634	0.019257	3.6
133	-0.590991	26.246923	5.524184	0.013508	4.0
134	-0.592623	27.246858	5.409693	0.010813	3.6
135	-0.586731	28.244143	5.300137	0.009272	3.9
136	-0.613989	29.239719	5.195107	0.015279	4.2
137	-0.609592	28.479331	5.274944	0.007154	4.2
138	-0.573152	29.476640	5.170723	0.012568	4.1
139	-0.582726	30.449148	5.072984	0.004299	4.0
140	-0.570608	31.108523	5.008791	0.006398	4.1
141	-0.596738	31.682411	4.954229	0.010282	4.4
142	-0.594912	32.327152	4.894331	0.008783	12.8
143	-0.618491	33.271825	4.809138	0.007243	3.7
144	-0.573872	32.742843	4.856474	0.007000	3.5
145	-0.598193	32.393916	4.888211	0.006964	3.3
146	-0.609702	32.625979	4.867057	0.012862	3.5
147	-0.599888	33.583337	4.781692	0.019183	3.6
148	-0.611350	34.558711	4.697746	0.014221	3.6
149	-0.586936	33.795570	4.763172	0.015676	3.9
150	-0.583920	34.795570	4.677803	0.019857	4.0
151	-0.590501	35.795570	4.595441	0.012634	3.9
152	-0.586532	36.795569	4.515929	0.020338	4.0
153	-0.608608	37.795196	4.439150	0.008222	3.9
154	-0.594716	37.041729	4.496777	0.012186	4.1
155	-0.600670	38.040977	4.420671	0.010717	4.1
156	-0.593562	39.040968	4.347044	0.012198	4.0
157	-0.601031	39.459299	4.316965	0.014719	10.7
158	-0.579917	38.696165	4.372152	0.008149	3.4
159	-0.606441	39.695987	4.300131	0.012416	3.6
160	-0.585256	40.695279	4.230481	0.011666	3.5
161	-0.580960	41.695279	4.163004	0.006360	3.4
162	-0.597268	42.651166	4.100486	0.022109	3.4
163	-0.583081	43.392283	4.053292	0.008021	3.8
164	-0.596442	42.630051	4.101847	0.010376	3.6
165	-0.581043	43.629452	4.038417	0.013606	3.7
166	-0.594482	43.586253	4.041119	0.011430	4.0
167	-0.582309	42.823125	4.089438	0.010877	10.8
168	-0.617533	42.059997	4.138927	0.010326	3.8
169	-0.601453	43.059907	4.074322	0.012813	4.1
170	-0.617518	44.032487	4.013390	0.008181	5.8
171	-0.603281	44.879258	3.961804	0.015552	4.1
172	-0.573841	44.116145	4.008233	0.008853	3.0
173	-0.633070	43.578622	4.041596	0.004276	2.4
174	-0.600773	44.394511	3.991171	0.006999	2.5
175	-0.600274	44.439390	3.988434	0.009188	2.1
176	-0.581942	43.742040	4.031395	0.011325	2.1
177	-0.578007	44.656717	3.975232	0.007036	2.1
178	-0.619654	43.909985	4.020964	0.017453	2.1
179	-0.627088	43.660831	4.036458	0.007132	2.0
180	-0.606696	44.643070	3.976059	0.011468	2.0
181	-0.603096	44.706075	3.972246	0.010302	2.1
182	-0.600982	45.141808	3.946078	0.008701	2.0
183	-0.583465	45.653086	3.915808	0.017666	2.0
184	-0.604844	46.615017	3.860100	0.013290	2.0
185	-0.612463	47.614645	3.803863	0.017417	2.0
186	-0.626865	48.420879	3.759686	0.011868	2.0
187	-0.601117	49.420596	3.706312	0.007887	2.1
188	-0.602494	48.662897	3.746624	0.015760	2.1
189	-0.613869	49.662146	3.693643	0.014715	2.1
190	-0.605331	48.986856	3.729282	0.014797	1.9
191	-0.608652	48.223715	3.770394	0.011021	1.5
192	-0.583868	49.206464	3.717616	0.010148	1.5
193	-0.596019	48.539177	3.753290	0.012335	1.5
194	-0.632862	47.997706	3.782745	0.010135	1.6
195	-0.584980	48.884503	3.734744	0.015529	1.6
196	-0.614523	48.121362	3.775978	0.010926	1.5
197	-0.596277	47.358220	3.818132	0.016318	1.5
198	-0.606067	48.358219	3.763083	0.010594	1.6
199	-0.616317	49.358218	3.709598	0.007269	1.6
200	-0.588725	49.668127	3.693330	0.015962	1.5
201	-0.609193	48.917576	3.732977	0.010093	1.5
202	-0.624447	48.155957	3.774089	0.023122	1.5
203	-0.630366	47.392815	3.816201	0.005001	1.6
204	-0.584716	48.340497	3.764044	0.011538	1.6
205	-0.601082	48.299574	3.766267	0.014480	1.6
206	-0.599059	47.746865	3.796547	0.021184	1.6
207	-0.598803	48.746865	3.742114	0.015582	1.5
208	-0.587052	47.983723	3.783511	0.009327	1.5
209	-0.627421	47.220729	3.825827	0.009595	1.5
210	-0.626654	47.089163	3.833220	0.008121	1.5
211	-0.588706	46.986517	3.839007	0.011635	1.5
212	-0.608396	46.471055	3.868336	0.006571	1.5
213	-0.615927	47.367976	3.817587	0.007938	1.5
214	-0.624213	46.727714	3.853677	0.009173	1.5
215	-0.607949	47.622745	3.803414	0.006905	1.6
216	-0.601880	46.909871	3.843340	0.009599	1.6
217	-0.591833	46.163228	3.886066	0.004136	1.5
218	-0.608636	45.552017	3.921755	0.007477	1.6
219	-0.627668	45.601114	3.918864	0.010005	1.6
220	-0.586260	46.600138	3.860949	0.007697	1.7
221	-0.595455	46.287547	3.878886	0.009834	1.8
222	-0.612588	45.787510	3.907927	0.013309	1.7
223	-0.589770	46.764755	3.851570	0.008415	1.8
224	-0.571725	46.102908	3.889559	0.004491	1.8
225	-0.608919	47.056891	3.835037	0.007923	1.8
226	-0.589174	47.746515	3.796566	0.017968	1.7
227	-0.611142	48.697640	3.744757	0.020324	1.7
228	-0.600729	49.697640	3.691788	0.017516	1.8
229	-0.625048	48.934498	3.732074	0.024401	1.8
230	-0.617989	48.402311	3.760692	0.019330	1.8
231	-0.629059	47.639169	3.802504	0.012072	1.8
232	-0.603849	48.639169	3.747901	0.007806	1.9
233	-0.594074	47.877253	3.789360	0.005411	1.9
234	-0.625155	47.342096	3.819033	0.009790	1.9
235	-0.611989	46.628503	3.859330	0.015536	1.9
236	-0.584770	47.628492	3.803095	0.019095	1.8
237	-0.613776	46.865350	3.845861	0.016379	1.9
238	-0.636760	46.102209	3.889599	0.014581	1.9
239	-0.584175	45.966216	3.897498	0.012742	1.8
240	-0.623324	46.966216	3.840154	0.012784	1.9
241	-0.628552	47.966215	3.784472	0.019321	1.9
242	-0.610399	48.966215	3.730382	0.014371	1.9
243	-0.607284	49.966215	3.677816	0.019386	1.9
244	-0.633927	50.966215	3.626712	0.009672	1.9
245	-0.631513	51.342591	3.607843	0.015811	2.0
246	-0.572304	52.342064	3.558677	0.014716	1.9
247	-0.596625	53.007132	3.526697	0.018663	2.0
248	-0.613690	54.007132	3.479679	0.009435	2.0
249	-0.605236	53.904235	3.484459	0.022165	2.0
